125781 453527 1341094305 RT
125781 453527 1341094305 MT
244437 47456 1341094322 MT
289014 2977 1341094328 MT
399023 56824 1341094329 RT
399023 56824 1341094329 MT
399023 74770 1341094329 MT
399023 12847 1341094329 MT
40386 2548 1341094437 MT
199007 61819 1341094448 RT
199007 61819 1341094448 MT
245657 224554 1341094452 RT
245657 224554 1341094452 MT
98796 66700 1341094714 RT
98796 66700 1341094714 MT
316162 34914 1341095003 RT
316162 34914 1341095003 MT
312907 181200 1341095132 RT
312907 181200 1341095132 MT
281738 36278 1341095181 MT
113091 2548 1341095223 RT
113091 2548 1341095223 MT
127675 2548 1341095549 RT
127675 2548 1341095549 MT
262798 66544 1341095797 MT
123830 66700 1341095850 RT
123830 66700 1341095850 MT
327757 66700 1341096026 RT
327757 66700 1341096026 MT
299619 16311 1341096042 RT
299619 16311 1341096042 MT
436078 307446 1341096091 RT
436078 307446 1341096091 MT
388443 173207 1341096098 MT
299619 66272 1341096141 MT
241807 66272 1341096245 MT
69676 249318 1341096432 MT
69676 249318 1341096432 RE
357412 28423 1341096475 MT
357412 83489 1341096475 MT
20026 88676 1341096560 MT
20026 88676 1341096560 RE
249318 69676 1341096603 MT
249318 69676 1341096603 RE
68421 66544 1341096854 RT
68421 66544 1341096854 MT
374792 33994 1341096909 RT
374792 33994 1341096909 MT
374792 173207 1341096909 MT
172568 33865 1341097293 MT
294921 245812 1341097386 MT
294921 245812 1341097386 RE
245812 294921 1341097414 RT
245812 294921 1341097414 MT
245812 245812 1341097414 MT
58338 181200 1341097587 RT
58338 181200 1341097587 MT
391335 66272 1341098053 MT
69676 249318 1341098174 MT
69676 249318 1341098174 RE
188172 66700 1341098218 MT
210149 28423 1341098343 MT
293619 181200 1341099125 RT
293619 181200 1341099125 MT
289714 416806 1341099208 RT
289714 416806 1341099208 MT
69676 249318 1341099444 MT
69676 249318 1341099444 RE
358285 2548 1341099569 RT
358285 2548 1341099569 MT
438761 172568 1341099575 MT
438761 33865 1341099575 MT
235768 172568 1341099578 RT
235768 172568 1341099578 MT
235768 33865 1341099578 MT
95366 172568 1341099599 RT
95366 172568 1341099599 MT
95366 33865 1341099599 MT
64950 66501 1341099762 MT
64950 64950 1341099762 MT
64950 67330 1341099762 MT
64950 66501 1341099762 RE
9479 173207 1341099821 MT
8204 181200 1341100124 RT
8204 181200 1341100124 MT
18225 386998 1341100709 RT
18225 386998 1341100709 MT
72225 66272 1341101031 MT
366287 66700 1341101373 RT
366287 66700 1341101373 MT
352562 66272 1341101645 RT
352562 66272 1341101645 MT
120621 57764 1341101673 MT
195148 66700 1341101836 RT
195148 66700 1341101836 MT
275446 193906 1341101894 RT
275446 193906 1341101894 MT
205650 53971 1341101954 MT
205650 53971 1341101954 RE
185463 132902 1341101978 MT
185463 132902 1341101978 RE
205650 53971 1341101998 MT
205650 53971 1341101998 RE
205650 53971 1341102059 MT
205650 53971 1341102059 RE
247755 380967 1341102821 MT
309317 2548 1341103219 RT
309317 2548 1341103219 MT
84763 28423 1341103343 MT
84763 28423 1341103343 RE
284667 2548 1341103761 RT
284667 2548 1341103761 MT
297990 338340 1341103839 MT
297990 338340 1341103839 RE
189079 181647 1341103956 RT
189079 181647 1341103956 MT
340425 379068 1341103978 RT
340425 379068 1341103978 MT
173515 84763 1341104572 MT
173515 84763 1341104572 RE
442893 181200 1341104792 RT
442893 181200 1341104792 MT
451284 2548 1341104808 RT
451284 2548 1341104808 MT
417703 2548 1341104851 MT
264915 420428 1341105123 MT
264915 235036 1341105123 MT
264915 420428 1341105123 RE
92173 83489 1341105196 MT
80466 434084 1341105332 RT
80466 434084 1341105332 MT
80466 379068 1341105332 MT
420428 264915 1341105350 MT
420428 264915 1341105350 RE
420976 66272 1341105434 MT
169828 173207 1341105461 MT
139484 173207 1341105492 MT
342804 139484 1341105630 MT
342804 173207 1341105630 MT
203282 2548 1341105741 RT
203282 2548 1341105741 MT
122633 173207 1341105851 MT
83958 12492 1341105886 MT
265345 66544 1341106058 MT
330071 2548 1341106402 RT
330071 2548 1341106402 MT
16311 92173 1341106464 MT
430533 173006 1341106700 MT
430533 173006 1341106700 RE
173006 430533 1341106749 MT
173006 173006 1341106749 MT
170062 27420 1341106862 RT
170062 27420 1341106862 MT
430533 173006 1341106928 MT
430533 173006 1341106928 RE
22037 16311 1341107024 MT
22037 92173 1341107024 MT
83647 243817 1341107042 MT
83647 243817 1341107042 RE
136582 2548 1341107246 RT
136582 2548 1341107246 MT
143300 66272 1341107264 MT
280875 139484 1341107468 RT
280875 139484 1341107468 MT
280875 173207 1341107468 MT
450704 243160 1341107714 RT
450704 243160 1341107714 MT
139818 243160 1341108070 MT
181454 251486 1341108089 MT
173006 430533 1341108091 MT
173006 173006 1341108091 MT
86213 44515 1341108308 MT
86213 44515 1341108319 MT
251486 181454 1341108391 RT
251486 181454 1341108391 MT
251486 251486 1341108391 MT
303412 10835 1341108412 RT
303412 10835 1341108412 MT
274879 12492 1341108573 MT
212300 264839 1341108616 MT
212300 264839 1341108616 RE
45475 66544 1341108811 RT
45475 66544 1341108811 MT
349990 66700 1341108942 RT
349990 66700 1341108942 MT
450249 173207 1341108964 MT
344419 66544 1341109124 MT
344419 90381 1341109124 MT
344419 66544 1341109175 MT
344419 90381 1341109175 MT
84763 173515 1341109366 MT
84763 84763 1341109366 MT
372890 45848 1341109679 MT
372890 66272 1341109679 MT
372890 45848 1341109679 RE
341316 310255 1341110101 RT
341316 310255 1341110101 MT
45445 45445 1341110110 MT
45445 56576 1341110110 MT
45445 28423 1341110110 MT
45445 45445 1341110110 RE
377417 18239 1341110276 RT
377417 18239 1341110276 MT
340662 2679 1341110336 RT
340662 2679 1341110336 MT
340662 18239 1341110365 RT
340662 18239 1341110365 MT
86465 66544 1341110493 RT
86465 66544 1341110493 MT
2679 91522 1341110583 MT
2679 91522 1341110583 RE
42874 30043 1341110642 RT
42874 30043 1341110642 MT
84192 2548 1341110690 RT
84192 2548 1341110690 MT
29185 2679 1341110696 RT
29185 2679 1341110696 MT
91522 2679 1341110868 MT
91522 2679 1341110868 RE
355352 173207 1341110920 MT
409118 2548 1341111176 RT
409118 2548 1341111176 MT
340374 2679 1341111318 RT
340374 2679 1341111318 MT
237871 355352 1341111506 RT
237871 355352 1341111506 MT
237871 173207 1341111506 MT
47680 2548 1341111650 MT
259643 177978 1341111847 RT
259643 177978 1341111847 MT
354247 448668 1341111919 RT
354247 448668 1341111919 MT
374439 374439 1341112067 MT
374439 374439 1341112134 MT
374439 374439 1341112164 MT
431290 66544 1341112171 RT
431290 66544 1341112171 MT
241244 66700 1341112329 MT
218209 241244 1341112379 RT
218209 241244 1341112379 MT
218209 66700 1341112379 MT
394932 241244 1341112452 RT
394932 241244 1341112452 MT
394932 66700 1341112452 MT
85493 120725 1341112547 RT
85493 120725 1341112547 MT
135461 360473 1341112702 MT
260261 241244 1341112757 RT
260261 241244 1341112757 MT
260261 66700 1341112757 MT
178065 241244 1341112958 RT
178065 241244 1341112958 MT
178065 66700 1341112958 MT
289465 241244 1341113231 RT
289465 241244 1341113231 MT
289465 66700 1341113231 MT
272299 241244 1341113290 RT
272299 241244 1341113290 MT
272299 66700 1341113290 MT
69322 2548 1341113384 RT
69322 2548 1341113384 MT
78830 2548 1341113462 RT
78830 2548 1341113462 MT
161819 81938 1341113759 RT
161819 81938 1341113759 MT
339632 66272 1341114571 MT
420428 264915 1341114844 RT
420428 264915 1341114844 MT
416558 398349 1341114970 RT
416558 398349 1341114970 MT
119929 387756 1341115180 RT
119929 387756 1341115180 MT
408904 370214 1341115274 MT
408904 370214 1341115274 RE
370214 408904 1341115306 MT
370214 370214 1341115306 MT
222805 66544 1341115479 RT
222805 66544 1341115479 MT
440384 173207 1341115704 MT
368789 173207 1341115720 MT
365666 2548 1341115976 RT
365666 2548 1341115976 MT
281781 241244 1341116568 RT
281781 241244 1341116568 MT
281781 66700 1341116568 MT
133489 2548 1341116610 RT
133489 2548 1341116610 MT
20026 88676 1341116715 MT
20026 88676 1341116715 RE
257185 334726 1341117014 MT
257185 334726 1341117014 RE
349720 135618 1341117234 MT
349720 135618 1341117234 RE
135618 349720 1341117295 RT
135618 349720 1341117295 MT
135618 135618 1341117295 MT
303048 66700 1341117486 RT
303048 66700 1341117486 MT
205909 217637 1341117821 RT
205909 217637 1341117821 MT
205909 380967 1341117821 MT
127032 173207 1341118195 MT
437401 437401 1341118450 MT
259643 177978 1341118571 RT
259643 177978 1341118571 MT
142280 181200 1341118612 RT
142280 181200 1341118612 MT
289425 237143 1341118705 RT
289425 237143 1341118705 MT
410070 444671 1341119161 MT
410070 444671 1341119161 RE
9919 51783 1341119383 MT
9919 51783 1341119383 RE
291148 249318 1341119466 MT
347838 249318 1341119478 MT
347838 249318 1341119478 RE
444671 410070 1341119504 RT
444671 410070 1341119504 MT
444671 444671 1341119504 MT
328916 237143 1341119546 RT
328916 237143 1341119546 MT
328916 237143 1341119551 RT
328916 237143 1341119551 MT
177477 173207 1341119611 MT
78964 22758 1341119788 RT
78964 22758 1341119788 MT
373480 410070 1341120134 RT
373480 410070 1341120134 MT
373480 444671 1341120134 MT
267172 329589 1341120401 RT
267172 329589 1341120401 MT
288763 181200 1341120820 RT
288763 181200 1341120820 MT
243418 453527 1341120872 RT
243418 453527 1341120872 MT
268829 244851 1341121222 MT
347838 249318 1341121338 MT
347838 249318 1341121338 RE
161194 66700 1341121609 RT
161194 66700 1341121609 MT
243160 28423 1341122114 MT
319731 181200 1341122307 RT
319731 181200 1341122307 MT
163409 344223 1341122478 RT
163409 344223 1341122478 MT
254245 344223 1341122481 RT
254245 344223 1341122481 MT
453553 344223 1341122486 RT
453553 344223 1341122486 MT
437331 344223 1341122491 RT
437331 344223 1341122491 MT
438177 344223 1341122493 RT
438177 344223 1341122493 MT
430861 344223 1341122499 RT
430861 344223 1341122499 MT
393228 243160 1341122946 RT
393228 243160 1341122946 MT
393228 28423 1341122946 MT
9173 380967 1341123249 RT
9173 380967 1341123249 MT
187916 2548 1341123308 RT
187916 2548 1341123308 MT
212071 172148 1341123354 RT
212071 172148 1341123354 MT
443114 387880 1341123814 MT
443114 387880 1341123814 RE
282873 173207 1341123823 MT
35520 28423 1341124180 RT
35520 28423 1341124180 MT
293619 243160 1341124464 RT
293619 243160 1341124464 MT
293619 28423 1341124464 MT
450800 380967 1341124667 RT
450800 380967 1341124667 MT
37746 2548 1341124764 RT
37746 2548 1341124764 MT
404271 163878 1341124839 RT
404271 163878 1341124839 MT
326468 237143 1341125256 RT
326468 237143 1341125256 MT
326468 237143 1341125261 RT
326468 237143 1341125261 MT
301584 173207 1341125330 MT
360734 243160 1341125444 RT
360734 243160 1341125444 MT
360734 28423 1341125444 MT
360734 237143 1341125464 RT
360734 237143 1341125464 MT
360734 237143 1341125473 RT
360734 237143 1341125473 MT
346889 66544 1341125587 RT
346889 66544 1341125587 MT
364252 301584 1341125589 RT
364252 301584 1341125589 MT
364252 173207 1341125589 MT
127219 301584 1341125611 RT
127219 301584 1341125611 MT
127219 173207 1341125611 MT
311625 290430 1341125640 MT
346889 398235 1341125797 RT
346889 398235 1341125797 MT
427104 241572 1341125812 RT
427104 241572 1341125812 MT
427104 65461 1341125812 MT
237052 301584 1341125845 RT
237052 301584 1341125845 MT
237052 173207 1341125845 MT
42643 243160 1341125979 MT
384546 380967 1341126063 MT
37379 231414 1341126075 MT
8227 237143 1341126246 RT
8227 237143 1341126246 MT
8227 237143 1341126258 RT
8227 237143 1341126258 MT
421882 2853 1341126371 MT
286328 56151 1341126550 RT
286328 56151 1341126550 MT
28496 66544 1341126628 RT
28496 66544 1341126628 MT
90387 231414 1341126635 MT
190028 56151 1341127022 MT
66501 64950 1341127113 MT
117236 231414 1341127183 MT
263879 256170 1341127265 MT
263879 256170 1341127265 RE
435870 341982 1341127516 MT
435870 341982 1341127516 RE
130258 304800 1341127538 MT
80014 428815 1341127760 RT
80014 428815 1341127760 MT
453599 10294 1341127820 RT
453599 10294 1341127820 MT
435870 341982 1341127978 MT
435870 341982 1341127978 RE
268182 2548 1341128238 RT
268182 2548 1341128238 MT
184093 135382 1341128261 MT
184093 135382 1341128261 RE
37125 44515 1341128293 MT
37125 33865 1341128293 MT
37125 172568 1341128293 MT
37125 235768 1341128293 MT
37125 172568 1341128293 RE
327700 66544 1341128297 RT
327700 66544 1341128297 MT
135382 184093 1341128439 MT
135382 184093 1341128439 RE
192198 66272 1341128702 MT
136998 89033 1341128731 RT
136998 89033 1341128731 MT
354033 56734 1341128796 MT
354033 56734 1341128796 RE
288013 173207 1341129336 MT
343578 79971 1341129438 RT
343578 79971 1341129438 MT
378677 398349 1341129454 RT
378677 398349 1341129454 MT
144675 159421 1341129562 RT
144675 159421 1341129562 MT
139818 181200 1341129680 MT
177361 12492 1341129848 MT
367669 366363 1341129895 MT
367669 366363 1341129895 RE
382000 231414 1341129923 MT
313970 192198 1341130161 RT
313970 192198 1341130161 MT
313970 66272 1341130161 MT
446489 56151 1341130271 RT
446489 56151 1341130271 MT
218170 192198 1341130447 RT
218170 192198 1341130447 MT
218170 66272 1341130447 MT
185743 66700 1341130534 RT
185743 66700 1341130534 MT
161974 66700 1341130585 RT
161974 66700 1341130585 MT
332761 192956 1341130696 RT
332761 192956 1341130696 MT
81708 2853 1341130721 MT
223934 2548 1341130841 MT
242887 66544 1341130899 RT
242887 66544 1341130899 MT
127396 42689 1341130914 MT
127396 42689 1341130914 RE
42689 127396 1341131264 RT
42689 127396 1341131264 MT
42689 42689 1341131264 MT
449250 380967 1341131283 RT
449250 380967 1341131283 MT
110859 164103 1341131421 RT
110859 164103 1341131421 MT
366011 282908 1341131724 MT
366011 282908 1341131724 RE
422006 442075 1341131945 RT
422006 442075 1341131945 MT
332761 164103 1341132278 RT
332761 164103 1341132278 MT
321779 66700 1341132940 RT
321779 66700 1341132940 MT
306694 306694 1341132995 MT
256478 407901 1341133036 MT
256478 407901 1341133304 MT
256478 407901 1341133304 RE
52799 41738 1341133573 MT
266640 41738 1341133746 RT
266640 41738 1341133746 MT
356394 241572 1341133756 RT
356394 241572 1341133756 MT
356394 65461 1341133756 MT
209725 41738 1341133996 RT
209725 41738 1341133996 MT
394075 41738 1341134036 RT
394075 41738 1341134036 MT
228214 41738 1341134068 RT
228214 41738 1341134068 MT
247527 178749 1341134202 MT
421284 119724 1341134207 RT
421284 119724 1341134207 MT
395190 119724 1341134555 RT
395190 119724 1341134555 MT
43192 41738 1341134555 RT
43192 41738 1341134555 MT
359401 119724 1341135100 RT
359401 119724 1341135100 MT
47873 41738 1341135197 MT
377472 119724 1341135426 RT
377472 119724 1341135426 MT
177153 41738 1341135667 MT
420847 12492 1341135738 MT
99199 437162 1341135807 MT
99199 437162 1341135807 RE
177153 41738 1341135809 MT
100090 41738 1341135960 RT
100090 41738 1341135960 MT
254382 426077 1341136008 MT
254382 426077 1341136008 RE
280743 426077 1341136067 RT
280743 426077 1341136067 MT
366153 41738 1341136112 MT
57097 98497 1341136117 RT
57097 98497 1341136117 MT
84172 119724 1341136149 RT
84172 119724 1341136149 MT
86014 66544 1341136184 RT
86014 66544 1341136184 MT
374910 184464 1341136759 RT
374910 184464 1341136759 MT
164103 43535 1341136792 MT
164103 43535 1341136792 RE
139818 379068 1341136881 MT
394948 119724 1341136919 RT
394948 119724 1341136919 MT
156016 66544 1341137676 RT
156016 66544 1341137676 MT
399128 41738 1341137761 RT
399128 41738 1341137761 MT
156016 66544 1341137811 RT
156016 66544 1341137811 MT
261147 2548 1341137918 RT
261147 2548 1341137918 MT
144666 181198 1341138117 MT
115626 410959 1341138371 RT
115626 410959 1341138371 MT
119592 66544 1341138387 RT
119592 66544 1341138387 MT
366363 367669 1341138473 RT
366363 367669 1341138473 MT
366363 366363 1341138473 MT
37535 61260 1341138546 RT
37535 61260 1341138546 MT
410959 28423 1341138658 RT
410959 28423 1341138658 MT
2291 52310 1341138771 RT
2291 52310 1341138771 MT
9084 41738 1341138848 MT
451204 254424 1341138850 RT
451204 254424 1341138850 MT
363017 426077 1341138907 RT
363017 426077 1341138907 MT
360473 135461 1341139067 RT
360473 135461 1341139067 MT
360473 360473 1341139067 MT
367042 426077 1341139350 RT
367042 426077 1341139350 MT
63123 268128 1341139585 MT
426284 41738 1341139930 RT
426284 41738 1341139930 MT
218170 218980 1341140094 MT
218170 218980 1341140094 RE
75068 74718 1341140170 RT
75068 74718 1341140170 MT
218980 218170 1341140430 RT
218980 218170 1341140430 MT
218980 218980 1341140430 MT
311110 380967 1341140510 MT
346351 301584 1341140802 MT
189049 38226 1341140820 MT
339834 433730 1341140829 RT
339834 433730 1341140829 MT
240815 119724 1341140922 RT
240815 119724 1341140922 MT
126351 173207 1341141254 MT
16733 164103 1341141281 MT
16733 164103 1341141281 RE
43535 164103 1341141289 MT
43535 164103 1341141289 RE
213324 243160 1341141498 RT
213324 243160 1341141498 MT
90651 2548 1341141656 RT
90651 2548 1341141656 MT
370037 126351 1341141804 RT
370037 126351 1341141804 MT
370037 173207 1341141804 MT
208305 41738 1341141906 RT
208305 41738 1341141906 MT
249718 399888 1341141976 MT
249718 323170 1341141976 MT
133037 173207 1341141997 MT
157791 47680 1341142148 RT
157791 47680 1341142148 MT
157791 2548 1341142148 MT
353374 74718 1341142170 RT
353374 74718 1341142170 MT
367669 366363 1341142205 MT
367669 366363 1341142205 RE
209561 41738 1341142266 MT
271166 339834 1341142425 RT
271166 339834 1341142425 MT
26439 74718 1341142635 RT
26439 74718 1341142635 MT
361743 361743 1341142715 MT
237900 318613 1341142771 RT
237900 318613 1341142771 MT
334726 257185 1341142799 MT
334726 257185 1341142799 RE
87788 74718 1341142837 RT
87788 74718 1341142837 MT
212473 318613 1341142981 RT
212473 318613 1341142981 MT
157373 2853 1341143026 MT
154476 318613 1341143081 RT
154476 318613 1341143081 MT
307327 66544 1341143137 RT
307327 66544 1341143137 MT
319163 295177 1341143179 RT
319163 295177 1341143179 MT
450704 243160 1341143190 RT
450704 243160 1341143190 MT
450704 28423 1341143190 MT
163384 28423 1341143323 RT
163384 28423 1341143323 MT
163384 28423 1341143329 RT
163384 28423 1341143329 MT
163384 235509 1341143329 MT
137077 150610 1341143372 RT
137077 150610 1341143372 MT
347916 355352 1341143393 RT
347916 355352 1341143393 MT
150695 150610 1341143484 RT
150695 150610 1341143484 MT
272805 2853 1341143540 MT
450704 41738 1341143610 MT
450704 164103 1341143629 RT
450704 164103 1341143629 MT
405744 426077 1341143828 RT
405744 426077 1341143828 MT
218441 2853 1341143897 MT
451093 74718 1341144051 RT
451093 74718 1341144051 MT
417166 401418 1341144192 MT
401418 417166 1341144371 RT
401418 417166 1341144371 MT
401418 401418 1341144371 MT
274943 254424 1341144473 RT
274943 254424 1341144473 MT
419928 417166 1341144496 MT
419928 401418 1341144496 MT
401418 419928 1341144549 RT
401418 419928 1341144549 MT
401418 417166 1341144549 MT
401418 401418 1341144549 MT
58908 47832 1341144596 RT
58908 47832 1341144596 MT
320476 338012 1341144641 MT
23230 27420 1341145046 MT
270482 66700 1341145189 RT
270482 66700 1341145189 MT
64514 35287 1341145284 RT
64514 35287 1341145284 MT
58537 74718 1341145462 RT
58537 74718 1341145462 MT
198168 41738 1341145599 RT
198168 41738 1341145599 MT
325994 126351 1341145636 RT
325994 126351 1341145636 MT
325994 173207 1341145636 MT
41365 150610 1341145906 RT
41365 150610 1341145906 MT
29518 74718 1341145942 RT
29518 74718 1341145942 MT
212614 212614 1341146018 MT
212614 28423 1341146018 MT
212614 39585 1341146018 MT
212614 212614 1341146018 RE
212614 39585 1341146090 MT
212614 85290 1341146090 MT
212614 28423 1341146090 MT
212614 97162 1341146090 MT
212614 90381 1341146090 MT
212614 61208 1341146090 MT
424108 452453 1341146226 RT
424108 452453 1341146226 MT
376690 41738 1341146294 MT
298946 407258 1341146349 RT
298946 407258 1341146349 MT
103267 415572 1341146379 MT
103267 103267 1341146379 MT
325994 82944 1341146408 RT
325994 82944 1341146408 MT
187916 318613 1341146440 RT
187916 318613 1341146440 MT
287601 41738 1341146492 RT
287601 41738 1341146492 MT
25340 47832 1341146497 RT
25340 47832 1341146497 MT
184897 153690 1341146598 MT
184897 153690 1341146598 RE
10296 66544 1341146607 RT
10296 66544 1341146607 MT
200073 207785 1341146734 MT
278144 56151 1341146781 RT
278144 56151 1341146781 MT
278144 205759 1341146807 RT
278144 205759 1341146807 MT
278144 184464 1341146851 RT
278144 184464 1341146851 MT
321976 200073 1341146861 MT
321976 207785 1341146861 MT
19367 126351 1341147066 MT
19367 173207 1341147066 MT
240340 370192 1341147114 RT
240340 370192 1341147114 MT
229713 380967 1341147335 RT
229713 380967 1341147335 MT
294344 241297 1341147425 MT
294344 241297 1341147425 RE
112634 12811 1341147676 MT
39863 74718 1341147748 RT
39863 74718 1341147748 MT
78709 2853 1341147882 MT
73018 112634 1341147994 RT
73018 112634 1341147994 MT
73018 12811 1341147994 MT
219573 72789 1341148053 RT
219573 72789 1341148053 MT
32366 112634 1341148061 RT
32366 112634 1341148061 MT
32366 12811 1341148061 MT
177421 66544 1341148133 RT
177421 66544 1341148133 MT
21976 36266 1341148138 MT
52824 112634 1341148201 RT
52824 112634 1341148201 MT
52824 12811 1341148201 MT
73018 31043 1341148220 MT
73018 31043 1341148220 RE
385334 164103 1341148399 RT
385334 164103 1341148399 MT
161788 58301 1341148413 RT
161788 58301 1341148413 MT
154728 58301 1341148430 RT
154728 58301 1341148430 MT
114479 58301 1341148438 RT
114479 58301 1341148438 MT
88385 66544 1341148493 RT
88385 66544 1341148493 MT
298860 56576 1341148500 MT
298860 56576 1341148500 RE
1006 58301 1341148538 RT
1006 58301 1341148538 MT
87033 58301 1341148569 RT
87033 58301 1341148569 MT
351842 58301 1341148612 RT
351842 58301 1341148612 MT
243926 58301 1341148664 RT
243926 58301 1341148664 MT
346815 110035 1341148702 RT
346815 110035 1341148702 MT
13683 150610 1341148775 RT
13683 150610 1341148775 MT
51272 58301 1341148825 RT
51272 58301 1341148825 MT
62131 58301 1341148915 RT
62131 58301 1341148915 MT
81195 58301 1341148924 RT
81195 58301 1341148924 MT
243926 58301 1341148951 RT
243926 58301 1341148951 MT
24392 58301 1341148986 MT
259075 438280 1341149196 MT
259075 438280 1341149196 RE
211724 18631 1341149224 MT
211724 18631 1341149224 RE
18239 380967 1341149273 MT
64407 5817 1341149274 RT
64407 5817 1341149274 MT
64302 73594 1341149396 RT
64302 73594 1341149396 MT
196168 443834 1341149404 RT
196168 443834 1341149404 MT
321976 200073 1341149458 MT
321976 207785 1341149458 MT
224113 200073 1341149495 RT
224113 200073 1341149495 MT
224113 207785 1341149495 MT
89350 58301 1341149523 RT
89350 58301 1341149523 MT
256478 407901 1341149736 MT
256478 407901 1341149736 RE
126122 12811 1341149762 RT
126122 12811 1341149762 MT
307554 58301 1341149862 RT
307554 58301 1341149862 MT
365571 110311 1341150266 RT
365571 110311 1341150266 MT
338012 320476 1341150290 RT
338012 320476 1341150290 MT
338012 338012 1341150290 MT
185887 58301 1341150320 MT
185887 58301 1341150320 RE
436506 177278 1341150330 RT
436506 177278 1341150330 MT
359421 2853 1341150520 MT
36266 21976 1341150590 RT
36266 21976 1341150590 MT
36266 36266 1341150590 MT
269257 110311 1341150590 RT
269257 110311 1341150590 MT
325772 164103 1341150670 MT
36266 21976 1341150687 MT
36266 21976 1341150687 RE
14012 12811 1341150720 MT
14012 12811 1341150720 RE
408745 31043 1341150757 MT
408745 31043 1341150757 RE
48038 12811 1341150901 MT
200073 224113 1341150982 MT
200073 207785 1341150982 MT
200073 224113 1341150982 RE
394941 45848 1341151139 MT
394941 45848 1341151139 RE
139818 163243 1341151292 MT
435775 435174 1341151313 MT
435775 435174 1341151313 RE
418626 375311 1341151331 RT
418626 375311 1341151331 MT
99545 375311 1341151416 RT
99545 375311 1341151416 MT
103941 259572 1341151416 MT
103941 259572 1341151416 RE
434084 164103 1341151462 MT
297933 375311 1341151497 RT
297933 375311 1341151497 MT
259572 103941 1341151498 MT
259572 103941 1341151498 RE
202522 50301 1341151644 MT
398936 177978 1341151672 RT
398936 177978 1341151672 MT
292450 220127 1341151800 RT
292450 220127 1341151800 MT
126593 2548 1341151941 MT
433552 39876 1341151959 RT
433552 39876 1341151959 MT
15886 24392 1341151985 RT
15886 24392 1341151985 MT
15886 58301 1341151985 MT
202548 174101 1341152155 RT
202548 174101 1341152155 MT
50117 380967 1341152184 MT
145480 139818 1341152243 RT
145480 139818 1341152243 MT
145480 163243 1341152243 MT
145480 163243 1341152252 MT
67009 145480 1341152328 RT
67009 145480 1341152328 MT
67009 163243 1341152328 MT
435775 435174 1341152405 MT
435775 435174 1341152405 RE
164845 173207 1341152537 MT
428728 177264 1341152621 RT
428728 177264 1341152621 MT
428728 231414 1341152621 MT
11005 43454 1341152750 MT
351780 74718 1341152858 RT
351780 74718 1341152858 MT
310167 177780 1341153089 RT
310167 177780 1341153089 MT
322456 174101 1341153218 RT
322456 174101 1341153218 MT
350026 177780 1341153293 RT
350026 177780 1341153293 MT
15777 61819 1341153555 MT
224297 97907 1341153558 RT
224297 97907 1341153558 MT
313955 97907 1341153674 RT
313955 97907 1341153674 MT
390456 372385 1341153939 RT
390456 372385 1341153939 MT
434287 127396 1341153972 RT
434287 127396 1341153972 MT
434287 42689 1341153972 MT
311651 416772 1341154103 RT
311651 416772 1341154103 MT
140962 157727 1341154125 RT
140962 157727 1341154125 MT
198742 157727 1341154154 RT
198742 157727 1341154154 MT
39267 28423 1341154196 MT
33245 293573 1341154200 RT
33245 293573 1341154200 MT
107872 45848 1341154274 MT
107872 45848 1341154274 RE
371564 399617 1341154410 RT
371564 399617 1341154410 MT
416451 293573 1341154478 RT
416451 293573 1341154478 MT
253921 416772 1341154517 RT
253921 416772 1341154517 MT
227596 66544 1341154557 MT
227596 66544 1341154558 RT
227596 66544 1341154558 MT
227596 58301 1341154569 RT
227596 58301 1341154569 MT
409250 2548 1341154618 RT
409250 2548 1341154618 MT
104872 39267 1341154633 RT
104872 39267 1341154633 MT
10939 39267 1341154834 RT
10939 39267 1341154834 MT
53010 77510 1341154895 MT
343884 174101 1341154990 RT
343884 174101 1341154990 MT
341547 41738 1341155049 RT
341547 41738 1341155049 MT
246111 97907 1341155068 RT
246111 97907 1341155068 MT
285484 260897 1341155188 RT
285484 260897 1341155188 MT
31214 31214 1341155238 MT
31214 31214 1341155238 RE
269089 84686 1341155264 RT
269089 84686 1341155264 MT
153737 45848 1341155329 MT
153737 45848 1341155329 RE
396750 416772 1341155353 RT
396750 416772 1341155353 MT
47352 84686 1341155367 RT
47352 84686 1341155367 MT
139607 119724 1341155373 RT
139607 119724 1341155373 MT
199338 227596 1341155407 RT
199338 227596 1341155407 MT
199338 66544 1341155407 MT
224471 443834 1341155410 RT
224471 443834 1341155410 MT
450704 177780 1341155444 RT
450704 177780 1341155444 MT
119800 31214 1341155460 RT
119800 31214 1341155460 MT
413553 153737 1341155668 MT
226047 58376 1341155725 RT
226047 58376 1341155725 MT
224471 177780 1341155786 RT
224471 177780 1341155786 MT
195731 199578 1341155790 RT
195731 199578 1341155790 MT
219952 31214 1341155816 RT
219952 31214 1341155816 MT
448669 39267 1341155836 RT
448669 39267 1341155836 MT
377230 84686 1341155839 RT
377230 84686 1341155839 MT
94840 4807 1341155851 MT
94840 4807 1341155851 RE
30638 39267 1341155913 RT
30638 39267 1341155913 MT
268414 416772 1341156003 RT
268414 416772 1341156003 MT
117875 372385 1341156003 RT
117875 372385 1341156003 MT
25279 74718 1341156016 RT
25279 74718 1341156016 MT
318774 97907 1341156118 RT
318774 97907 1341156118 MT
57795 112634 1341156182 RT
57795 112634 1341156182 MT
164550 126351 1341156235 RT
164550 126351 1341156235 MT
164550 173207 1341156235 MT
388541 401188 1341156259 RT
388541 401188 1341156259 MT
365318 58376 1341156472 RT
365318 58376 1341156472 MT
58068 97907 1341156499 RT
58068 97907 1341156499 MT
221138 241244 1341156507 RT
221138 241244 1341156507 MT
221138 66700 1341156507 MT
101699 84686 1341156624 RT
101699 84686 1341156624 MT
116588 84686 1341156643 RT
116588 84686 1341156643 MT
415572 103267 1341156767 RT
415572 103267 1341156767 MT
415572 415572 1341156767 MT
415572 103267 1341156767 MT
419022 84686 1341156779 RT
419022 84686 1341156779 MT
438877 394097 1341156927 MT
438877 394097 1341156927 RE
243947 58376 1341156990 RT
243947 58376 1341156990 MT
29566 39267 1341156992 RT
29566 39267 1341156992 MT
424935 84686 1341157008 RT
424935 84686 1341157008 MT
197973 227596 1341157065 MT
197973 227596 1341157065 RE
45656 23215 1341157110 MT
84143 123063 1341157268 MT
84143 123063 1341157268 RE
325268 262315 1341157495 RT
325268 262315 1341157495 MT
390121 2853 1341157713 MT
61734 66544 1341157795 MT
340110 285393 1341157866 MT
340110 285393 1341157866 RE
83959 82387 1341157876 MT
83959 82387 1341157876 RE
201499 58301 1341157941 RT
201499 58301 1341157941 MT
451172 28423 1341157972 MT
280451 58301 1341158048 RT
280451 58301 1341158048 MT
90367 58301 1341158270 RT
90367 58301 1341158270 MT
166423 222693 1341158317 RT
166423 222693 1341158317 MT
206435 84686 1341158378 RT
206435 84686 1341158378 MT
151878 84686 1341158451 RT
151878 84686 1341158451 MT
139818 164103 1341158505 MT
19855 44651 1341158507 RT
19855 44651 1341158507 MT
335889 222693 1341158568 RT
335889 222693 1341158568 MT
430004 173207 1341158719 MT
240187 227596 1341158918 RT
240187 227596 1341158918 MT
82382 355598 1341158977 MT
241020 193043 1341159050 MT
268 39267 1341159276 RT
268 39267 1341159276 MT
187314 27488 1341159288 RT
187314 27488 1341159288 MT
323992 27488 1341159290 RT
323992 27488 1341159290 MT
216273 39267 1341159304 RT
216273 39267 1341159304 MT
138041 39267 1341159305 RT
138041 39267 1341159305 MT
136337 39267 1341159317 RT
136337 39267 1341159317 MT
444075 39267 1341159337 RT
444075 39267 1341159337 MT
34161 39267 1341159384 RT
34161 39267 1341159384 MT
199249 39267 1341159392 RT
199249 39267 1341159392 MT
24418 39267 1341159401 RT
24418 39267 1341159401 MT
20724 39267 1341159403 RT
20724 39267 1341159403 MT
105613 39267 1341159407 RT
105613 39267 1341159407 MT
374616 39267 1341159414 RT
374616 39267 1341159414 MT
12612 39267 1341159425 RT
12612 39267 1341159425 MT
219447 39267 1341159427 RT
219447 39267 1341159427 MT
3020 39267 1341159427 RT
3020 39267 1341159427 MT
298202 39267 1341159433 RT
298202 39267 1341159433 MT
71091 39267 1341159457 RT
71091 39267 1341159457 MT
69088 259451 1341159467 MT
69088 259451 1341159467 RE
26004 39267 1341159472 RT
26004 39267 1341159472 MT
209659 39267 1341159503 RT
209659 39267 1341159503 MT
46661 39267 1341159511 RT
46661 39267 1341159511 MT
87782 39267 1341159516 RT
87782 39267 1341159516 MT
56219 268 1341159518 MT
108575 39267 1341159518 RT
108575 39267 1341159518 MT
23455 39267 1341159533 MT
297951 56219 1341159543 RT
297951 56219 1341159543 MT
8058 39267 1341159554 RT
8058 39267 1341159554 MT
243259 56219 1341159555 RT
243259 56219 1341159555 MT
19562 39267 1341159568 RT
19562 39267 1341159568 MT
19060 39267 1341159590 RT
19060 39267 1341159590 MT
15190 39267 1341159608 RT
15190 39267 1341159608 MT
65943 56219 1341159652 RT
65943 56219 1341159652 MT
23002 56219 1341159652 RT
23002 56219 1341159652 MT
60641 84686 1341159667 RT
60641 84686 1341159667 MT
6767 56219 1341159671 RT
6767 56219 1341159671 MT
104556 56219 1341159672 RT
104556 56219 1341159672 MT
1227 39267 1341159684 RT
1227 39267 1341159684 MT
4350 39267 1341159701 RT
4350 39267 1341159701 MT
49275 39267 1341159703 RT
49275 39267 1341159703 MT
26040 39267 1341159728 RT
26040 39267 1341159728 MT
79234 39267 1341159747 RT
79234 39267 1341159747 MT
155034 56219 1341159752 RT
155034 56219 1341159752 MT
181322 56219 1341159752 RT
181322 56219 1341159752 MT
122801 39267 1341159753 RT
122801 39267 1341159753 MT
144466 39267 1341159768 RT
144466 39267 1341159768 MT
285764 39267 1341159772 RT
285764 39267 1341159772 MT
260116 28423 1341159772 RT
260116 28423 1341159772 MT
114123 56219 1341159780 RT
114123 56219 1341159780 MT
27951 97162 1341159786 MT
27951 28423 1341159786 MT
4796 39267 1341159786 RT
4796 39267 1341159786 MT
48850 56219 1341159797 RT
48850 56219 1341159797 MT
10611 56219 1341159804 RT
10611 56219 1341159804 MT
31205 39267 1341159809 RT
31205 39267 1341159809 MT
22377 39267 1341159823 RT
22377 39267 1341159823 MT
180723 39267 1341159826 RT
180723 39267 1341159826 MT
401552 39267 1341159835 RT
401552 39267 1341159835 MT
67907 56219 1341159854 RT
67907 56219 1341159854 MT
376 39267 1341159882 RT
376 39267 1341159882 MT
90157 56219 1341159898 RT
90157 56219 1341159898 MT
120621 57764 1341159904 MT
11387 173207 1341159917 MT
380568 28423 1341159945 MT
149261 39267 1341159946 RT
149261 39267 1341159946 MT
27130 56219 1341159960 RT
27130 56219 1341159960 MT
97964 73594 1341159977 RT
97964 73594 1341159977 MT
36009 56219 1341159983 RT
36009 56219 1341159983 MT
7877 39267 1341159985 RT
7877 39267 1341159985 MT
108575 126351 1341159986 RT
108575 126351 1341159986 MT
108575 173207 1341159986 MT
23062 39267 1341160002 RT
23062 39267 1341160002 MT
71752 3959 1341160007 RT
71752 3959 1341160007 MT
